001111111111111111111111111111000
000111111111111111111111111111000
000011111111111111111111111111000
000000111111111111111111111110000
000000011111111111111111111110000
000000001111111111111111111110000
000000000011111111111111111100000
000000000001111111111111111100000
000000000000111111111111111100000
000000000000001111111111111000000
000000000000000111111111111000000
000000000000000011111111111000000
000000000000000000111111110000000
000000000000000000011111110000000
000000000000000000001111110000000
000000000000000000000011100000000
000000000000000000000001100000000
000000000000000000000000000000000
